t,x,y,dx,dy
0.0,7.095946084903152,6.0908872631719815,129.8205257353252,-7.3716770750411165
0.01,8.394151342256404,6.01717049242157,81.9992440017582,-13.147074713946495
0.02,8.735930964938316,5.827945768893052,-3.643542451317387,-13.269660907677007
0.03,8.321280493230056,5.75177727426803,-41.90204696455618,-14.423036748578852
0.04,7.897890025647191,5.5394850339214745,-26.52485835140334,-10.296902865841503
0.05,7.790783326201989,5.545839216951201,-0.5568922016746001,-16.267277355349506
0.06,7.886752181613699,5.214139486814485,26.605342248590773,-6.746760940768013
0.07,8.322890171173807,5.410903998135842,-67.24206906173055,4.751437048727155
0.08,6.54191080037909,5.309168227789027,-20.62719397920455,-5.076341367799159
0.09,7.9103462915897165,5.309377170779858,66.58978745044777,-13.863319900802395
0.1,7.873706549388045,5.03190182977298,14.520206233327713,-15.484633839463214
0.11,8.20075041625627,4.999684493990593,-24.407228904051692,-4.987025283109034
0.12,7.385561971307011,4.932161324110799,28.965646165761143,-3.7977216439722667
0.13,8.780063339571496,4.923730061111148,18.350323415615833,-12.496425792311186
0.14,7.752568439619328,4.682232808264575,-79.65045344466557,-21.47741557624809
0.15,7.187054270678185,4.494181749586186,-28.81492819254504,-26.734559640111428
0.16,7.176269875768428,4.147541615462346,45.75064096766869,-5.177913118181891
0.17,8.102067090031559,4.390623487222548,23.79859190183322,5.893781088348362
0.18,7.652241713805097,4.265417237229315,-82.04978493773046,-7.45844463377685
0.19,6.461071391276948,4.241454594547012,-51.86889720925751,-15.74943413531281
0.2,6.614863769619945,3.950428554523058,-40.57091581402017,-17.143301941808744
0.21,5.649653074996548,3.8985885557108366,122.30915005413857,-3.1274623693773833
0.22,9.061046770702728,3.8878793071355107,88.65325700384983,-8.75771472795077
0.23,7.422718215073547,3.7234342611518207,-70.24535950342238,-11.024293462744339
0.24,7.656139580634275,3.6673934378806234,69.92493555851127,6.036745192435376
0.25,8.821216926243775,3.844169165000529,10.716119829241507,-10.84439509045663
0.26,7.870461977219106,3.450505536071491,-110.27598333902739,-19.230873578676977
0.27,6.615697259463225,3.4595516934269894,-18.928034809751466,-3.6373679844269873
0.28,7.491901281024076,3.3777581763829514,83.676988502585,0.013357593008748836
0.29,8.289237029514922,3.459818845287163,-90.1208234470115,1.6693322858180863
0.3,5.6894848120838315,3.4111448220993124,-107.93544401558239,-6.984212464890476
0.31,6.130528149203272,3.320134595989354,75.50073581319549,-11.009280908579086
0.32,7.199499528347742,3.1909592039277306,-4.133566961860311,-1.4629010150246415
0.33,6.047856809966066,3.290876575688861,-101.29909749490258,10.584397377729061
0.34,5.1735175784496885,3.4026471514823116,14.003845078318363,-11.126774808313257
0.35000000000000003,6.327933711532434,3.0683410795225954,66.74604754272178,-21.215094952891803
0.36,6.508438529304127,2.978345252424475,21.724258458705435,-7.247823182671169
0.37,6.762418880706543,2.923384615869173,63.41919503510536,-7.630447445646297
0.38,7.776822430006235,2.8257363035115493,53.684117238787735,-23.13702821120043
0.39,7.836101225482298,2.460644051645164,-14.215941660232602,5.975855986788872
0.4,7.4925035968015825,2.945253423247327,-122.84368535913552,19.344811984340282
0.41000000000000003,5.379227518299586,2.84754029133197,-16.722010820585865,-7.929378099448741
0.42,7.158063380389844,2.7866658612583524,35.39344492726832,-21.032512961280972
0.43,6.087096416844936,2.4268900321063502,-60.3056370315345,-10.361388406475555
0.44,5.951950639759154,2.579438093128841,5.576148421036805,-3.172164332352068
0.45,6.198619385265673,2.3634467454593087,34.119622637525424,-18.0829679367574
0.46,6.634343092509663,2.217778734393693,-97.17987695362865,-16.36693090206161
0.47000000000000003,4.255021846193098,2.036108127418076,82.16032466719986,7.0726461365442646
0.48,8.277549585853622,2.359231657124575,198.6835317415437,6.6695445787176055
0.49,8.228692481023943,2.1694990189924255,-90.45133237595002,1.8690671942974717
0.5,6.46852293833462,2.3966130010105244,52.27130734416687,-1.8257268533943574
0.51,9.274118627907281,2.132984481924538,-48.54011130503392,-35.80031669475076
0.52,5.49772071223394,1.6806066671155084,-85.06078831110108,-10.078712062935693
0.53,7.572902861685258,1.931410240665824,57.04509139000862,16.255140142012735
0.54,6.638622540034114,2.0057094699557636,-96.18979258451776,4.578595238286184
0.55,5.649107009994902,2.022982145431548,-8.647838459777859,2.2634275055202693
0.56,6.465665770838557,2.050978020066169,92.75681853282282,-8.548703528029293
0.5700000000000001,7.504243380651359,1.8520080748709618,58.83070025637693,-8.333745031103064
0.58,7.6422797759661005,1.8843031194441058,-48.946192194331786,-0.8319864038282248
0.59,6.525319536764714,1.8353683467943966,-41.37330030868998,-11.650942619741457
0.6,6.814813769792301,1.6512842670492764,-4.193938502905894,-1.5055659143377937
0.61,6.441440766706596,1.8052570285076406,43.265074201084474,-0.9955469594083866
0.62,7.680115253813991,1.6313733278611087,-1.284387757853949,-6.234783852607691
0.63,6.415753011549517,1.6805613514554867,17.01411684913853,-4.8667635558175135
0.64,8.020397590796762,1.5340380567447585,37.73818609143768,-8.784701986586214
0.65,7.170516733378271,1.5048673117237623,-74.06037429412169,-0.46499715649457585
0.66,6.539190104914327,1.5247381136148668,-26.202061539010458,-0.6965088073909982
0.67,6.6464755025980615,1.4909371355759422,106.34469606933732,1.3780533430334714
0.68,8.666084026301075,1.5522991804755362,6.652870825855302,-4.4428977465911
0.6900000000000001,6.779532919115168,1.4020791806441202,-168.26085210757367,3.9296671349510888
0.7000000000000001,5.300866984149598,1.6308925231745581,28.33643033558252,-11.666521484459892
0.71,7.346261525826776,1.1687487509549308,85.46106216111218,-11.86401727475129
0.72,7.010088227371808,1.3936121776795412,14.606819693565058,-1.23914698202627
0.73,7.638397919698077,1.1439658113144053,71.52384195942602,-10.859387951096949
0.74,8.44056506656033,1.176424418657602,-125.98032711505948,20.181510478049383
0.75,5.118791377396885,1.5475960208753934,-49.23975672830852,0.18211946846330562
0.76,7.455769931994158,1.1800668080268681,139.88227948679196,-16.3270283896152
0.77,7.916436967132727,1.221055453083089,-25.283338611124805,15.26112111982497
0.78,6.950103159771663,1.4852892304233678,-46.84196557320075,7.6808027112857005
0.79,6.979597655668711,1.3746715073088032,-54.97372339418075,-10.494567838218728
0.8,5.850628691888047,1.275397873658993,9.515037327189816,-3.202455543760294
0.81,7.169898402212508,1.3106223964335972,74.86339827565752,-5.6778909849902846
0.8200000000000001,7.347896657401198,1.1618400539591873,2.8340034255431306,-2.084555096463369
0.8300000000000001,7.22657847072337,1.2689312945043298,-125.39680640030656,-3.21171214994299
0.84,4.8399605293951025,1.0976058109603308,45.113377915242836,-17.706958270709464
0.85,8.128846029028285,0.9147921290901421,181.0802586555871,-5.071490867213676
0.86,8.461565702506848,0.9961759936160572,5.119690862395373,3.9874889282771733
0.87,8.231239846276193,0.9945419076556855,-64.78344700674091,-4.541862684072861
0.88,7.165896762372028,0.9053387399346,19.91260823769369,-0.05577373208859626
0.89,8.629492011030067,0.9934264330139136,54.31485876480042,-2.437606439906702
0.9,8.252193937668038,0.856586611136466,-59.962320462097466,10.528751159022818
0.91,7.430245601788116,1.2040014561943702,-57.258391238774266,-2.797640483789287
0.92,7.107026112892551,0.8006338014606801,5.377542225331638,-19.17647404676066
0.93,7.53779644629475,0.8204719752591566,70.46925804343175,21.671935498193093
0.9400000000000001,8.516411273761188,1.2340725114245423,93.79467059502792,-2.7203638660615326
0.9500000000000001,9.41368985819531,0.766064697937926,-71.89508536372807,-9.274193559617451
0.96,7.078509566486668,1.0485886402321858,-69.96907029495458,12.421767363929469
0.97,8.014308452296262,1.0145000452165107,-21.037787984838644,-25.19162109523192
0.98,6.657753806789894,0.544756218327547,-10.142158236640967,-9.110290887125608
0.99,7.8114652875634425,0.8322942274739984,65.84469101445268,19.821856277269273
1.0,7.97464762707895,0.9411933438729327,16.24553853068005,-7.422456314181119
1.01,8.136376058177044,0.6838451011903759,-65.6474497383399,-5.4262213040073775
1.02,6.66169863231215,0.8326689177927851,11.462259664426938,0.3920852239602297
1.03,8.365621251465583,0.6916868056695804,15.549312483391816,-15.444400017543845
1.04,6.972684881979987,0.5237809174419079,-32.11508194853894,8.929848488842673
1.05,7.723319612494803,0.8702837754464341,56.37624020823097,14.184192649783139
1.06,8.100209686144607,0.8074647704375709,119.25817226631642,-8.344701346655121
1.07,10.108483057821134,0.7033897485133316,-54.885312648744616,5.872820088030309
1.08,7.002503433169714,0.9249211721981773,-166.76032315744789,1.8033758142547427
1.09,6.773276594672174,0.7394572647984264,44.65005972449978,-13.819882733554813
1.1,7.89550462765971,0.6485235175270807,76.18708302710223,-1.437917550890397
1.11,8.297018255214219,0.7106989137806184,-33.250038137340255,-7.361529434257481
1.12,7.2305038649129045,0.501292928841931,4.9672282220074635,-2.629553798574939
1.1300000000000001,8.39636281965437,0.6581078378091196,99.28211110688409,3.755506419608942
1.1400000000000001,9.216146087050587,0.5764030572341099,7.0306074784347174,-11.121098639523087
1.1500000000000001,8.536974969223063,0.4356858650186577,32.64398894673741,-14.666864145461807
1.16,9.869025865985284,0.28306577432487695,-63.37971426657822,-1.679698638776749
1.17,7.269380683891425,0.40209189224312913,-37.42221095102161,18.77862499634277
1.18,9.120581646964851,0.6586382742517327,61.37515216005488,7.5923986515213535
1.19,8.496883727092523,0.5539398652735563,-36.81135279448921,-13.414718861023697
1.2,8.384354591075066,0.39034389703125855,-8.656494558201814,-6.592157046090037
1.21,8.323753835928487,0.4220967243517555,-11.465765067741188,20.41985951548794
1.22,8.155039289720243,0.7987410873410177,-58.34845054787877,-0.26411846431131636
1.23,7.156784824970911,0.41681435506552916,-12.98633885390916,-21.566151532071796
1.24,7.895312512642059,0.3674180566995814,98.3031633950626,20.010192464087506
1.25,9.122848092872164,0.8170182043472796,73.06364002896129,11.775486832488838
1.26,9.356585313221286,0.6029277933493583,-22.998973807217,-22.80878204325277
1.27,8.662868616727824,0.3608425634822239,-56.82582630498837,5.5545083970872575
1.28,8.220068787121518,0.7140179612911035,35.955461086396554,12.316117138791885
1.29,9.381977838455756,0.6071649062580617,93.54629281199306,-11.170791373584237
1.3,10.09099464336138,0.49060213381941864,-68.20239502461322,-5.335816860870814
1.31,8.01792993796349,0.5004485690406454,51.37128172846184,-3.6640590651967315
1.32,11.11842027793062,0.41732095251548396,130.46984968939148,-7.384458035109429
1.33,10.627326931751321,0.3527594083384567,-123.21335664960566,-6.776121216231173
1.34,8.654153144938503,0.2817985281908604,-89.8182778136545,1.3112629078855953
1.35,8.83096137547823,0.3789846664961686,84.36803340862821,9.547259260989646
1.36,10.341513813111069,0.47274371341065347,96.32337416774646,-8.50283592470686
1.37,10.757428858833162,0.20892794800203127,58.48740227523638,2.0210239806806705
1.3800000000000001,11.511261858615798,0.5131641930242669,-47.603803199908725,-0.4299592904428593
1.3900000000000001,9.805352794834986,0.20032876219317408,-77.67009924271173,-12.128159124754362
1.4000000000000001,9.957859873761562,0.27060101052917945,53.67851548367162,5.540591934500995
1.41,10.87892310450839,0.3111406008831935,79.3148022537631,-6.158143023941271
1.42,11.544155918836802,0.14743815005035074,-4.5911830723637195,11.756409723490657
1.43,10.787099443061114,0.5462687953530069,-59.20304018108823,15.597421938668305
1.44,10.360095115215039,0.4593865888237171,-74.6904243465388,-5.37748467915695
1.45,9.293290956130338,0.4387191017698678,-3.4120426202493945,-3.6604069432385202
1.46,10.29185426281005,0.3861784499589466,41.67961959992891,-3.2062982490079825
1.47,10.126883348128917,0.37459313678970807,9.665764071136891,-1.1784366130309998
1.48,10.485169544232788,0.3626097176983266,71.00064134493357,-4.125665030011573
1.49,11.54689617502759,0.2920798361894765,28.702358816228752,-4.993257767216219
1.5,11.059216720557364,0.2627445623540021,-12.854368230097293,1.9150542833059685
1.51,11.289808810425644,0.3303809218555959,55.58604599461023,1.703806037969624
1.52,12.17093764044957,0.29682068311339466,98.38618423243702,-10.003793524795688
1.53,13.257532495074386,0.13030505135968198,16.8079963149288,1.9700715421871688
1.54,12.507097566748145,0.336222113957138,-75.19830698564499,12.866380646137747
1.55,11.753566355361484,0.38763266428243714,-90.03708670903222,1.8534686692488513
1.56,10.7063558325675,0.3732914873421151,-51.391690762259486,-5.047891829539502
1.57,10.725732540116294,0.28667482769164704,71.03711666962636,-7.95673892399828
1.58,12.127098165960026,0.21415670886214938,21.02822665378403,6.388593823184571
1.59,11.146297073191976,0.4144467041553386,-27.189245336683484,3.7853975794014456
1.6,11.583313259226358,0.28986466045017834,18.88771022265405,-0.8351948693132272
1.61,11.524051277645057,0.39774280676907403,176.42177658247226,-12.14293330114527
1.62,15.111748790875806,0.04700599442727274,22.76974601807376,3.284492509134626
1.6300000000000001,11.979446198006531,0.46343265695176655,-146.80589297530787,8.077206973131151
1.6400000000000001,12.175630931369644,0.2085501338898959,7.057940615192592,-14.076463892821787
1.6500000000000001,12.120605010310383,0.1819033790953306,25.49255315406117,2.8221383137414957
1.6600000000000001,12.68548199445087,0.2649929001647259,2.591857607469251,16.330916048970458
1.67,12.172442162459792,0.5085217000747329,-39.3030052811298,4.184684820546899
1.68,11.899421888828288,0.34868659657565404,-24.511673149234525,-11.73744299701051
1.69,11.682208699475101,0.27377284013452247,43.50169923219096,-2.555333403342866
1.7,12.769455873472108,0.29757992850879667,56.95437921086511,8.750116023730383
1.71,12.821296283692403,0.44877516060913025,30.127579314345326,-12.661467993379967
1.72,13.372007459759017,0.04435056864119713,66.82202744752772,-8.056557387036824
1.73,14.157736832642959,0.28764401286839364,-77.90660313876458,-0.3590726290762498
1.74,11.813875396983722,0.03716911605967213,-30.343283998919105,6.446524531613017
1.75,13.550871152664577,0.4165745035006541,96.08432510667126,4.235012016134727
1.76,13.73556189911715,0.12186935638236673,73.46440721626834,-11.132103174177894
1.77,15.020159296989945,0.19393244001709603,40.64230319355397,-8.545353051845073
1.78,14.548407962988229,-0.04903770465453486,-31.353961001803782,12.277207968620926
1.79,14.393080076953868,0.4394765993895148,15.975835914154572,1.747576065978751
1.8,14.86792468127132,-0.014086183334959812,-47.178907786252125,-3.517968766361964
1.81,13.449501921228826,0.36911722406227543,-25.544984101933323,7.2931911424006115
1.82,14.357024999232655,0.13177763951305255,50.57668985152691,-13.558655446348425
1.83,14.461035718259364,0.09794411513530668,45.77611654797249,-4.385281767013281
1.84,15.272547330192104,0.04407200417278684,-26.23019606555522,1.2851666626715073
1.85,13.93643179694826,0.12364744838873686,-13.983287771058144,13.264404929393633
1.86,14.99288157477094,0.3093601027606597,40.17482329787015,-8.04119290347555
1.87,14.739928262905662,-0.037176409680774264,-25.35443903068358,-14.427621549278172
1.8800000000000001,14.48579279415727,0.020807671775096043,78.5133813106205,17.553550718901963
1.8900000000000001,16.310195889118074,0.31389460469726527,34.16178741527585,20.82468107614876
1.9000000000000001,15.169028542462787,0.43730129329807155,-43.44970885651321,-14.955531723720608
1.9100000000000001,15.44120171198781,0.014783970222852855,-17.93658515841173,-18.6505565136759
1.92,14.810296839294576,0.06429016302454685,-17.578519376815848,-4.365621455659724
1.93,15.089631324451519,-0.07252845889034487,55.309002903355804,-3.1458003850264715
1.94,15.916476897361692,0.0013741553240173565,121.03817717432707,6.276139854328322
1.95,17.510394867938064,0.05299433819622168,-33.70891363907822,11.79691622297642
1.96,15.242298624580128,0.23731247978354597,-99.5755183682495,14.731697479590371
1.97,15.518884500573071,0.34762828778802934,43.66602802583236,1.7305102537324135
1.98,16.115619185096776,0.27192268485819426,-13.51743582717313,-20.47984345112088
1.99,15.24853578402961,-0.06196858123438859,-49.52056381695081,-12.666576480976453
2.0,15.125207908757758,0.018591155238665003,140.5123046412018,23.099836644579288
2.0100000000000002,18.05878187685375,0.4000281516572094,141.6594958969058,8.825226297840771
2.02,17.95839782669601,0.1950956811955066,-111.00989459218135,-2.2538626805161215
2.0300000000000002,15.838583985010033,0.3549508980469031,-53.91072553670858,0.5985077493304995
2.04,16.8801833159617,0.20706583618213026,-1.3290507839228667,-13.41897767432602
2.05,15.812002969331576,0.08657134456038844,-6.060845420980627,17.963882277607393
2.06,16.758966407542175,0.5663434817343052,119.56195644950378,5.840972544118041
2.07,18.203242098321635,0.2033907954427868,154.7040441765539,-14.72762058020173
2.08,19.853047291073267,0.2717910701302894,-51.651587051643105,-9.260960366209002
2.09,17.170210357288965,0.01817158811862088,-125.75791652214241,0.17567632522252197
2.1,17.337888960630544,0.27530459663476253,114.12416251742172,-4.53390246591366
2.11,19.452693607637315,-0.07250646119962553,61.00788415942088,-4.4033945733270805
2.12,18.558046643818827,0.18723670516824784,5.119648565822104,14.087614063922466
2.13,19.555086578953674,0.20924582007883458,50.4233234596112,-2.579895679252811
2.14,19.56651311301101,0.13563879158318734,-39.713330652984496,-5.39081276715152
2.15,18.76081996589402,0.10142956473580234,-29.23921721068382,6.439476091029934
2.16,18.981728768797378,0.2644283134037949,53.763153247189166,-1.6821423131468745
2.17,19.836083030837774,0.06778671847288079,20.058064453206498,-0.7418975151442293
2.18,19.38289005786145,0.24959036310092717,-39.31411375830805,2.955646287023675
2.19,19.049800755671605,0.12689964421336786,-2.6957926097675227,-10.453274246582609
2.2,19.328974205666125,0.0405248781692764,52.95015087263107,-5.112413485803509
2.21,20.108803773124205,0.02465137449729446,71.04964358254813,-7.264030809038471
2.22,20.749967077317084,-0.1047557380114982,-4.156806612317155,7.004699844650388
2.23,20.025667640877924,0.16474537139028464,-55.24231213633038,27.51667285948721
2.24,19.645120834590493,0.44557771917824696,55.70358556221595,-4.588598280616187
2.25,21.13973935212216,0.07297340577798982,-16.984194074839024,-10.069132317814699
2.2600000000000002,19.305436953093565,0.24419507282197697,43.653590784337894,5.156944761032904
2.27,22.012811167808717,0.17611230099865863,88.37186379349009,-5.72487234520139
2.2800000000000002,21.072874228963205,0.12969762591795003,18.635216754049225,10.992497215434744
2.29,22.3855155028896,0.3959622453073398,66.18978349815347,5.350976041386876
2.3000000000000003,22.396669898926216,0.23671714674566874,-38.17579925212317,-18.868578026724357
2.31,21.62199951784717,0.018590684772854915,-55.30139654694449,-8.683714521156912
2.32,21.290641967987348,0.0630428563225342,39.48003184188656,-6.369831854935003
2.33,22.411600154684965,-0.10880595232585488,52.101618950441434,6.920985333368385
2.34,22.332674346996235,0.2014625629898806,68.76852923760316,-9.325733531225072
2.35,23.7869707394371,-0.2953206229503923,10.010377246351027,-0.9417961876469061
2.36,22.532881891923378,0.18262663923689917,-44.30021828515987,23.12374147097206
2.37,22.900966373733976,0.1671542064690274,-0.6023195615036911,3.8824529322244263
2.38,22.520835500693337,0.26027569788138294,10.386637630443602,-6.497349895426904
2.39,23.10869912634289,0.037207208560475144,24.095890574229315,1.3195930656210546
2.4,23.00275331217795,0.28666755919378306,14.159558916005835,-7.550027986436732
2.41,23.39189030466303,-0.11379335116828851,44.88427237417204,-8.496437281690701
2.42,23.90043875966139,0.11673881355994088,18.0504305559366,14.64984260222523
2.43,23.752898915781735,0.17920350087620887,6.9354978388973905,15.753190181289057
2.44,24.039148716439318,0.43180261718571383,33.00366189665601,-2.899820446221847
2.45,24.412972153714858,0.12120709195174685,119.41949401255442,-20.229086720920137
2.46,26.427538596690336,0.02722088276730117,-10.991647516942749,2.8401613713569382
2.47,24.193139203375814,0.17801031937889655,-51.28680014525162,3.1248838136315715
2.48,25.40180259378515,0.08971855903994327,136.9730521354088,5.281316087495066
2.49,26.93260024608401,0.2836366411288105,13.913658433382352,-10.495040585248631
2.5,25.68007576245292,-0.12018225266500299,-71.59688573436165,-21.208033770601673
2.5100000000000002,25.50066253139682,-0.1405240342832063,38.78867223624934,11.066687508712192
2.52,26.455849207177856,0.10115149750922942,50.46615844437815,14.340063560752586
2.5300000000000002,26.509985700284343,0.14627723693183697,35.016743475418025,-15.813805196974513
2.54,27.15618407668619,-0.21512460643024311,22.366656243183797,-0.281230457907367
2.5500000000000003,26.957318825147983,0.14065262777372148,9.74236662692806,17.288154573022677
2.56,27.351031409224728,0.13063848503022701,60.83910064904558,4.675233228199041
2.57,28.17410083812887,0.2341572923377003,6.839080169087538,-0.4210351583234129
2.58,27.487813012606413,0.12221778186374917,-36.98593831192352,3.7953784527063252
2.59,27.434382071890372,0.31006486139181355,-6.450463818919616,-1.0953906530204458
2.6,27.35880373622802,0.10030996880332259,46.32309267259507,4.624441323589158
2.61,28.360843925342223,0.40255368786357404,39.74141037084337,-14.086033120041186
2.62,28.153631943644836,-0.18141069359754075,41.20941817789139,-3.32278491957063
2.63,29.185032288899997,0.33609798947211245,-71.11819219953645,17.87024895350008
2.64,26.731268099653953,0.17599428547243112,-43.6179599356567,-8.760772187593535
2.65,28.31267309018668,0.16088254572023514,71.42123278325357,-8.000607811058506
2.66,28.15969275531895,0.01598212925125511,57.483836211599964,3.890893492001828
2.67,29.46234981441862,0.23870041556025545,8.283795964492583,3.1394493352430763
2.68,28.325368674608697,0.0787711159560997,67.87330509910385,5.406617924425639
2.69,30.819815916400536,0.34683277404874935,125.45644710157353,-3.899835631134246
2.7,30.834497616640057,0.0007744033333874356,-54.01446586241036,-23.89936936668653
2.71,29.739526599152377,-0.13115461328499115,-25.97156894982004,11.480423925739009
2.72,30.315066237643727,0.23038288184818972,7.859757252207601,17.392109791090313
2.73,29.896721744196572,0.2166875825368321,17.779096067755063,-0.822809182591385
2.74,30.670648158998883,0.2139266981963625,71.92199591460667,0.7146153933996064
2.75,31.33516166248871,0.23097989040482336,51.617794753982935,2.5581973661390514
2.7600000000000002,31.703004054078527,0.26509064551914435,-16.03419035429056,-5.7158760739039485
2.77,31.014477855402944,0.11666236892675239,3.5577357858173855,-5.24874559534801
2.7800000000000002,31.774158769794937,0.16011573361219258,152.43091756518697,4.269838914325522
2.79,34.06309620670662,0.20205914721326296,65.70372068113215,-16.217943233168626
2.8000000000000003,33.08823318341744,-0.1642431310511983,-69.61429154277243,4.450670046556727
2.81,32.67081037585114,0.29107254814436107,121.39044839608573,21.788586711298272
2.82,35.5160421513391,0.2715286031747578,-48.77149195638731,-4.441440973248463
2.83,31.695380536723096,0.2022437286793895,-110.92881857522161,-21.677034456149187
2.84,33.297465779834425,-0.1620120859482132,84.24389005302214,-23.971311945232333
2.85,33.380258337783474,-0.27718251022524654,72.03002816609069,11.749962754510202
2.86,34.738066343156184,0.07298716914197038,155.21749586539204,19.02492802960394
2.87,36.48460825509134,0.10331605036681847,-36.9624678901298,11.582187421793225
2.88,33.99881698535378,0.3046309175778275,-123.68252285048243,7.318833027576753
2.89,34.0109577980818,0.24969271091834228,56.617649683208356,-8.523251077637848
2.9,35.1311699790179,0.13416589602507306,80.54235352985756,-10.099290150536183
2.91,35.62180486867892,0.04770690790761975,86.43489938614061,10.492803758474913
2.92,36.85986796674068,0.3440219711945546,52.71694292862708,0.6744290483136783
2.93,36.6761437272514,0.06119548887386761,-1.6507977191517966,-1.7856875345368852
2.94,36.82685201235763,0.30830822050379325,21.16061558463798,10.669789694303876
2.95,37.099356038944165,0.27459128275993283,104.02914313823476,-2.5710793720071763
2.96,38.907434875122256,0.25688663306364895,115.28520202562868,-3.551659741738371
2.97,39.40506007945668,0.20355808792516375,-89.61718793773821,-3.787986647097643
2.98,37.115091116367616,0.18112690012169463,-25.014964581127742,3.1180168301567477
2.99,38.904760787834306,0.2659184245283035,74.63986108654603,-7.062157848388148
3.0,38.60788833809863,0.039883743153945356,13.72902601473038,4.986948902128287
3.0100000000000002,39.179341308128954,0.36565740257089385,111.20193260166411,7.759947466039561
3.02,40.83192699013187,0.1950826924747588,37.37243495126336,-10.080186646617314
3.0300000000000002,39.92679000715411,0.16405366963855356,-35.8626457943119,16.958319302312987
3.04,40.114674074245585,0.534249078521001,-48.28452530061554,9.880999850477103
3.0500000000000003,38.96109950114174,0.36167366664807166,75.15450140677126,-17.51749235704777
3.06,41.617764102380846,0.18389923138004546,36.20177746129821,-5.880443434280396
3.0700000000000003,39.6851350503675,0.24406479796247418,-51.492078086534775,-6.302093790928802
3.08,40.58792254065003,0.05785735556148025,118.66133006020027,21.834591308622585
3.09,42.05836165157145,0.6807566241349166,83.33434823906691,3.254719928720566
3.1,42.25460950543131,0.1229517541358392,-28.415690714244647,-23.26699895035003
3.11,41.4900478372866,0.21541664512788672,83.67485554014456,14.823984075858888
3.12,43.928106616234345,0.4194314356530222,89.9646213395572,9.32236783370599
3.13,43.28934026407788,0.40186400180201653,-52.53376066131614,-12.553850140779515
3.14,42.87743140300803,0.16835443283742216,-51.46453076647822,-13.264334786175073
3.15,42.26004964874833,0.13657730607850582,9.165040136138487,15.260891210200308
3.16,43.060732205730865,0.473572257041445,55.08332773454322,-2.173555443618488
3.17,43.36171620343922,0.09310619720616789,85.67170614828638,-8.651141516827913
3.18,44.77416632869665,0.3005494267049127,84.7571011232726,18.044821001150435
3.19,45.05685822590472,0.45400261722917934,19.322325726398958,13.500562717790324
3.2,45.16061284322463,0.5705606810607178,19.387525083478522,-7.274045371446238
3.21,45.444608727574284,0.30852170980027127,35.07354863249793,-17.88258426267329
3.22,45.86208381587459,0.21290899580725903,29.405240340331602,3.2504005881691516
3.23,46.032713534380925,0.37352972156364295,54.220072921950305,20.78639264617176
3.24,46.94648527431363,0.6286368487306988,88.3566114753371,3.0693489911936176
3.25,47.79984576388767,0.43491670138753535,-5.880011844861201,-16.883187708929444
3.2600000000000002,46.82888503741633,0.2909730945521118,41.43814868855861,-1.6722540255099005
3.27,48.62860873765871,0.4014716208773261,64.94052101345324,14.925505966687004
3.2800000000000002,48.12769545768529,0.5894832138858556,0.10550141150724812,2.7572029826717497
3.29,48.63071876588881,0.45661568053077534,39.99076275203015,10.136452234017625
3.3000000000000003,48.92751071272589,0.792212258566229,17.404876238373618,-1.3120670594471378
3.31,48.9788162906563,0.43037433934186353,-5.554275546036024,-0.7465938800863299
3.3200000000000003,48.81642520180516,0.7772803809645339,-26.630127608259045,-1.4984694807889376
3.33,48.446213738491124,0.4004049497261169,58.989820305321246,-11.863631041609835
3.34,49.99622160791156,0.5400077601323423,130.73554001854473,7.032619606560353
3.35,51.060924538862004,0.5410573418573179,111.25321230405461,-11.597238919148502
3.36,52.221285853992654,0.30806298174938246,-28.191476548129685,4.246142311647375
3.37,50.49709500789928,0.62598018809029,-64.57097368763107,23.190234693574503
3.38,50.92986638023993,0.7718676756208807,164.71771660626973,-17.163502307668672
3.39,53.79144934002479,0.28271014193688804,44.86723225496189,0.31710828313813266
3.4,51.82721102533937,0.7782098412835996,-37.91833196999596,10.286784243224444
3.41,53.03308270062501,0.48844582680134224,21.497398335910475,-2.222420958809188
3.42,52.257158992057676,0.7337614221073919,28.819953822129264,10.909400264582764
3.43,53.6094817770677,0.7066338320929856,124.61851751889708,-1.695076337344851
3.44,54.749529342435636,0.699859895360494,48.84759284285383,5.046738296635631
3.45,54.58643363392471,0.8075685980257035,-47.530443182879935,-9.708122506790819
3.46,53.79892047877806,0.5056974452246956,113.67521842057295,-15.147815338427733
3.47,56.85993800233636,0.5046122912571619,78.17923988364419,18.164331324379653
3.48,55.362505276451145,0.8689840717122728,-59.344015366688836,5.062936176826433
3.49,55.67305769500266,0.6058710147936628,25.517030361011166,18.42508766918921
3.5,55.87284588367138,1.2374858250960177,-14.55559050186912,5.324729110105533
3.5100000000000002,55.38194588496525,0.7123655969957222,57.68039612091661,-9.44680286631285
3.52,57.02645380608963,1.0485497677697222,68.58399395125389,13.857674822098183
3.5300000000000002,56.75362576399024,0.9895190934376686,-18.746720162897873,-13.528781636715301
3.54,56.65151940283166,0.7779741350354226,-13.50581563566675,18.642461065856956
3.5500000000000003,56.48350945127691,1.3623683147548435,27.182530193203547,9.106132699850257
3.56,57.19517000669569,0.9600967890324716,59.368085213946415,-13.774649996127827
3.5700000000000003,57.67087115555583,1.0868753148323103,-5.830562986489895,19.82962636723729
3.58,57.07855874696594,1.3566893163772114,80.31757153184617,14.452282638820712
3.59,59.27722258619272,1.3759209676087183,12.865269726992665,3.2029061215512513
3.6,57.33586414150561,1.4207474388082375,-98.68283128454777,-5.34217310200858
3.61,57.303565960501686,1.2690775055685553,59.13037011324059,2.28773034145388
3.62,58.518471543770474,1.4665020456373308,167.31066397011682,2.9272894687211917
3.63,60.649779239903985,1.3276232949429942,4.0711001828544795,6.458466634722029
3.64,58.599893547427385,1.5956713783317897,-43.703595096746085,22.224934753120493
3.65,59.77570733796892,1.7721219900054086,68.1694594759092,3.8301610451249672
3.66,59.963282736945516,1.672274599234277,-1.835416100549537,5.052825788102808
3.67,59.738999015957944,1.8731785057674515,-56.32116763329714,16.138131695350083
3.68,58.83685938427954,1.9950372331412756,52.50114229312294,11.928082663444187
3.69,60.78902186182028,2.1117401590363354,63.462324994221035,-2.7383718648302846
3.7,60.10610588416384,1.940269795844657,-17.156398949398408,3.515651062609919
3.71,60.44589388283227,2.1820531802885155,-0.17363956828558003,14.06336770154077
3.72,60.1026330927981,2.2215371498754637,7.243011765614938,9.84067650622461
3.73,60.59075411814454,2.3788667104130026,21.596888665402275,-0.5889308087371461
3.74,60.53457086610612,2.2097585337007066,9.366370413696586,-0.5890754402971794
3.75,60.77808152641846,2.3670852016070447,-15.379344861850768,26.314871373607687
3.7600000000000002,60.226983968869064,2.73605596117287,42.50671161576929,16.005312369496224
3.77,61.62821575873376,2.6871914489969884,53.857333401213964,10.972559599430042
3.7800000000000002,61.30413063689327,2.9555071531614847,-137.6076846719452,16.475804853636077
3.79,58.87606206529495,3.01670754606972,-126.03101167780687,10.047481064491734
3.8000000000000003,58.78351040333723,3.156456774451323,37.66557426870486,8.650711738569527
3.81,59.629373550669,3.1897217808411154,28.464198767997914,4.47039659065598
3.8200000000000003,59.35279437869714,3.245864706264444,-47.894092966962035,24.369628160046915
3.83,58.67149169132978,3.6771143440420375,-51.165638393584686,17.180178058033277
3.84,58.32948161082547,3.589468267425102,-50.87602833286519,6.248283359066107
3.85,57.65397112467245,3.802080011223373,15.790147875991352,17.57321714408883
3.86,58.64528456834522,3.9409326103068825,28.59791744175027,17.504980641369656
3.87,58.22592947350739,4.15217962405077,-19.391038379092606,17.232050451161456
3.88,58.25746380076335,4.2855736193301155,-57.04902860278571,25.595211801572674
3.89,57.084948901451625,4.6640838600822345,-9.890634398816474,6.359281469178541
3.9,58.059651112786916,4.412759248713715,-87.38594054243595,8.25554671602174
3.91,55.337230090602745,4.829194794402699,-199.46837558196876,28.449766294863053
3.92,54.07028360114747,4.981754574610989,46.78831338029386,25.566401233259455
3.93,56.27299635820878,5.340522819067899,-13.07260313105553,14.154086873876707
3.94,53.80883153852657,5.264836312088542,-174.7252275299793,7.686109121007121
3.95,52.778491807609264,5.494245001488054,-165.0683198810566,30.278893916082552
3.96,50.50746514090548,5.870414190410187,-106.18989916304281,30.686095782578832
3.97,50.65469382434852,6.107966917139625,102.91021738325162,42.57597627006794
3.98,52.56566948857044,6.721933715811529,-80.54409167723225,4.3693306418646785
3.99,49.04381199080364,6.195353529976868,-136.5497773557454,-4.52816158396962
4.0,49.834673941455335,6.631370484132094,-51.71478975846139,24.948168233592526
4.01,48.00951619563444,6.694316894648708,-91.03517057772024,17.04294292405706
4.0200000000000005,48.01397052990104,6.972229342613262,-27.573797221346922,4.371223410427206
4.03,47.45804025120754,6.7817413628572965,-217.3716660445807,20.213714670024956
4.04,43.66653720900952,7.376503636013752,-195.32106001001057,39.4638221983202
4.05,43.55161905100742,7.571017806823684,-23.98671620133109,23.258457368096913
4.0600000000000005,43.18680288498285,7.841672783375707,-5.391989021791687,5.693006750723498
4.07,43.44377927057153,7.684877941838195,-34.75316698121878,-0.4467041455102958
4.08,42.49173954535849,7.8327387004655025,-14.415040511977622,23.921300943325036
4.09,43.155478460331985,8.163303960704686,-133.45611200968528,28.143221211948287
4.1,39.82261730516484,8.395603124704456,-155.3900700984243,22.043374260228347
4.11,40.04767705836373,8.60417144590926,-187.14251618229378,19.13699899634355
4.12,36.079766981519256,8.77834310463134,-157.98341448165638,9.651548514252283
4.13,36.88800876873067,8.797202416194303,-43.644200090186814,5.071671744513139
4.14,35.20688297971554,8.8797765395216,-39.45135652107183,7.260077165880091
4.15,36.09898163830944,8.942403959511905,-113.38209959774645,14.777933900751577
4.16,32.93924098776092,9.175335217536624,-105.99658888969248,7.872923188211075
4.17,33.97904986051564,9.099862423276123,-43.84755339782919,9.17102756472525
4.18,32.06228991980435,9.358755768831125,-131.21643100504275,28.93894126791855
4.19,31.354721240414825,9.678641248634513,-88.93752570828042,10.329089078530558
4.2,30.283539405638738,9.56533755040178,-118.9237121239812,0.6732568207467011
4.21,28.976246997935252,9.692106385049447,-23.26550237303013,10.539656720983999
4.22,29.818229358178147,9.776130684821457,-27.0421249953813,18.38379964061113
4.23,28.435404498027413,10.059782377861694,-23.448247562404504,6.2456959717433165
4.24,29.349264406929848,9.901044604256366,-102.5324774786277,1.7970688262664112
4.25,26.3847549484549,10.095723754387022,-181.157846861709,3.292250913034252
4.26,25.726107469695748,9.96688962251705,-5.155135947127974,-11.77690375274841
4.2700000000000005,26.281652229512446,9.860185679332048,-29.903437873097346,2.791531527739437
4.28,25.12803871223394,10.022720253071817,-74.6604788380173,8.277578552432828
4.29,24.78844265275213,10.0257372503807,-138.8885281795499,2.1509175793275404
4.3,22.350268148643003,10.065738604658367,-8.44538322405515,-0.15355480478632444
4.3100000000000005,24.61953498827144,10.022666154284964,-69.14282736293057,-14.49712454168423
4.32,20.96741160138489,9.775796113824695,-173.46655080391906,-0.40259255763669444
4.33,21.150203972193136,10.01461430313223,-46.46793491650158,0.6754261389397129
4.34,20.038052903054876,9.78930463660349,-9.797320465887651,-19.67216883861545
4.3500000000000005,20.954257562875554,9.621170926359916,-85.17734315139887,10.359706949757197
4.36,18.334506040027176,9.99649877559859,-43.31958550532363,11.205019478487259
4.37,20.0878658527691,9.845271315929656,2.296473043398805,-26.578647462764593
4.38,18.38043550089515,9.46492582634331,-276.33175720039435,-7.996733800636321
4.39,14.56123070876133,9.685336639916933,37.33208725988618,1.7657364884077538
4.4,19.12707724609363,9.500240556111429,99.77827240366128,-4.70674893528269
4.41,16.556796156835237,9.591201661211253,-150.7437681291268,-14.576709241223682
4.42,16.11220188351116,9.208706371286961,-34.993512833174464,-16.86798997343425
4.43,15.856925900171762,9.253841861742576,30.565455767071626,3.0923769994473673
4.44,16.723510998852703,9.270553911275906,-49.695365096345654,-23.978987513640732
4.45,14.86301859824507,8.774262111469797,-124.30185983862157,-14.678509434783905
4.46,14.237473802080325,8.976983722580234,-77.83355824454998,5.867884292391977
4.47,13.306347433354103,8.891619797317635,10.28991744989878,-12.798398072850489
4.48,14.443272151078487,8.72101576112321,9.08066185413577,-18.836611779182363
4.49,13.487960670437008,8.514887561733984,16.740350173187835,-6.696964045241771
4.5,14.778079154542237,8.587076480218377,-9.509651539144897,4.170408139088693
4.51,13.297767639654115,8.598295724515756,-89.94430767622691,-9.564684256668556
4.5200000000000005,12.979193001017757,8.395782795084981,-50.54408548531444,-21.888039768659667
4.53,12.286885929947838,8.160534929142557,-44.913464569236226,-12.69778646716901
4.54,12.080923709633053,8.141827065741607,29.70195560874231,-13.97653114048677
4.55,12.880925042122671,7.8810043063328274,-95.34877106369373,-24.8321435575765
4.5600000000000005,10.173948288358822,7.645184194590067,-81.94801736596003,-5.0041214994257075
4.57,11.241964694803098,7.780921876344279,146.02077988855007,-3.0634520588344003
4.58,13.094363886129761,7.58391515341338,4.9928838175967485,-10.280197116488694
4.59,11.34182237115503,7.575317934014509,-178.31388389721405,-25.0729670890762
4.6000000000000005,9.52808620818539,7.0824558116318,-61.61549347949216,-16.5451708598672
4.61,10.109512501564947,7.244414516817102,21.305257776443,7.7085638472911455
4.62,9.95419136371424,7.236627088577619,107.92912589509012,-6.211407812190544
4.63,12.268095019466703,7.120186360573293,87.46651385345785,-16.928282056961166
4.64,11.70352164078336,6.898061447438403,-123.6822787832757,-15.130960295455452
4.65,9.79444944380101,6.8175671546641885,-151.74550155298164,-2.990925174820404
4.66,8.668611609723591,6.838242943941985,96.88906390341486,-15.96405989721353
4.67,11.732230721869266,6.498285956719925,116.52815066429923,-13.75930698284867
4.68,10.999174623009525,6.563056804285018,-51.50119704766166,-8.647218095289304
4.69,10.702206780916047,6.325341594814107,-6.194866400408728,-34.29729214634477
4.7,10.87527729500131,5.877110961358126,-79.43866179973315,3.715730504895589
4.71,9.113433544921417,6.399656204912018,-102.88035065171624,-12.383266807829614
4.72,8.817670281967027,5.629445625201539,-1.6195118022109227,-34.739186198968696
4.73,9.081043308877247,5.7048724809327025,-53.461576660664036,5.636395714200944
4.74,7.748438748753864,5.742173539485564,-77.60581101786175,0.5495029219834464
4.75,7.528927088520045,5.715862539372371,70.74581465625778,-4.338460953988715
4.76,9.16335504187899,5.6554043204057916,46.41661100385858,-25.083372533385045
4.7700000000000005,8.45725930859703,5.214195088704623,-93.98433742513322,-19.881216436899138
4.78,7.283668293376325,5.257779991667758,-36.46933682654918,-10.870700802686287
4.79,7.727872572066061,4.9967810726509025,117.74159214757515,-19.426031098151014
4.8,9.638500136327778,4.869259369704746,46.527129287351386,-7.410969585488999
4.8100000000000005,8.658415157812852,4.848561680941128,-131.47290308348323,21.838087026493383
4.82,7.0090420746581135,5.306021110234583,82.42537116006923,-10.527179143177563
4.83,10.306922581014202,4.638018098077581,21.303463584273914,-22.938951416955774
4.84,7.435111346343583,4.847242081895477,-129.8018254105537,-2.7508770774031746
4.8500000000000005,7.710886072803345,4.583000556529473,-10.479984666480618,-16.040411798700063
4.86,7.225511653014036,4.52643384592145,-24.2556714786341,-1.631593678074978
4.87,7.225772643230674,4.550368682967974,-77.6295247921118,-5.561201395150931
4.88,5.672921157171833,4.415209818018434,35.096507876555336,-18.472086102360294
4.89,7.927702800761765,4.180926960920776,110.61938945047217,-16.116824365944098
4.9,7.885308946181122,4.0928733306995575,-22.318566674642568,-23.331326979082718
4.91,7.481331467268936,3.7143004213391375,-79.5936047283086,-6.803539157690352
4.92,6.293436851614984,3.9568025475457533,-77.40143067909361,17.768202686298622
4.93,5.933302853687097,4.069664475065102,50.52914205101257,4.643003910808403
4.94,7.3040196926354115,4.049662625761911,126.59070623311305,-2.703505476275609
4.95,8.465116978349435,4.015594365539591,-86.45199534728863,-14.221433399987745
4.96,5.574979785689676,3.7652339577621627,-162.81225387308717,-20.276793224494668
4.97,5.20887190088776,3.610058501049706,116.59990370817422,-4.934456807552408
4.98,7.906977859853486,3.6665448216111307,69.15777766172539,-9.58207778914101
4.99,6.592027454122656,3.4184169452669093,-131.4950405730858,-24.81278763442267
